5695024266
5780889387
2082679906
1335369669
7638980494
5286029940
8037826562
1055552504
878416015
598187576
7705634422
5657331929
5712605546
7790841785
1126526258
6407673134
5030210906
7334321447
1308677187
6787267279
1499719012
5169679956
7043461718
140677327
7207422447
1084286350
1224997521
6308724635
7765787445
1391812369
8094483732
768202032
8401291147
6034956934
7533059914
6742332307
7696055468
962679977
6444354913
7571379510
1623901671
1330490362
2059821038
6011270526
5276180623
1552476902
5480202611
5031298732
8566537123
1512403064
7576324123
5680691625
6840413225
1925853956
8008046823
7294210405
5532045872
626074393
8114805380
5783607086
1377150939
6764505880
1787823362
7005072430
5950781305
6861294852
5251969052
8312066233
7208480801
1995454850
5597433902
8065002080
6522180483
1822196640
2142731923
1815754812
1811068728
832467807
6197817797
1367984042
7854124837
7727333446
8148209903
5171478500
1358445961
6879469672
1025543517
5589412633
1275575001
8373803297
7629619701
994148172
879405007
1655857131
5030916625
5188893478
980168043
6398652271
6708550265
1533322624
97134581
5757311402
618642554
5029168697
1978816468
6338257954
2085069647
1862166197
5199129353
7840265679
5111922650
7435103382
7795085273
5655515146
5324016331
7220277030
1396578280
8072754551
8167723683
706026038
5377167893
1966241286
5346773922
6576833728
1235813454
6074753264
7200762862
7230407647
765433335
1375471424
8167401186
6555908343
1873949286
7187202285
2110222728
507769767
7753747195
6577895415
5197942923
5214895939
717064630
7212698851
7190115693
7934856474
571176225
1960992276
6651978846
8261326538
7473570514
1520727658
1684421639
5819263556
6431485623
8241488704
1565756219
5263092933
5727599893
7683726697
1040433049
8227702985
5281462917
6004439270
8023187106
1710051635
1105831628
1101784829
8448468599
926418710
694093095
5521004778
6060723428
911513046
8226885071
7032866365
1636730981
5373084421
949692843
7806674216
1075403785
6449130472
6522771171
406768207
7973610552
7602773447
7248452926
1951982285
5752103610
8135755755
7696465274
6185729527
5494239372
6983011483
8342981375
1379248889
6494336413
7081367323
7338017548
5138471614
5663710383
5915335915
6817267055
224371279
530359489
6262925205
6058411033
8052577303
8154373378
5567694377
7581577642
928769980
7609089767
8360941176
5768665344
5076379194
8106154350
7487470341
1939075923
1711783159
6253919530
5577684197
6648445319
6048881722
5085488991
6751092971
5143744318
811249114
7325425492
1368016960
6930843881
1848234307
6083757357
7401039067
8210478776
6509869579
8066252964
1666127765
7128460656
5942119331
6803688354
1922018025
559834060
698686054
8492858663
834996863
5917512702
6145626681
6648563476
7936271413
5304524945
5282927852
590913500
7083592822
168334574
1088588742
7371004833
1168898414
6909588960
6485438309
6388429645
5572446813
5227872204
486477496
6294403459
7304167004
7877106508
5316038037
6080186216
8568367463
1677674631
6470712289
6016874719
8371805308
7758765271
5529429944
5045411882
978726081
5430560381
5081207021
2113740021
8285460727
7998108089
7775091811
1049464909
5254614981
6870287384
5765463396
1266299937
6151246783
6004194793
6976976995
2121152969
5734523059
5960917200
7848087007
7967234532
1450516459
5482985053
1366576325
1305952612
7655174297
5374787092
6697565367
949209336
6329024933
6174148555
6814132529
7552710395
6967648207
6557174154
7931755403
5382397965
5353624405
5126705353
7044223960
1049243688
7095424615
6154773211
5122302365
1574117489
1582791156
6591704507
2081447738
5695632252
609720549
5556949565
960957953
1739556916
6146802714
6039921153
7751056082
5052979873
7399331761
6177322774
1555312011
2116314151
6520368364
5783616166
7530033903
7203343228
8356942447
2040624800
838048714
6405767436
7094797017
1998787024
6618433318
610963759
1155626072
6991254565
5969293235
1149484726
5986416702
6591490153
5471683126
6922884735
7148326879
827941120
6605050350
1516560080
5700220583
8475308326
1450310712
5442571246
376657287
1454002768
6733156350
7999433848
1438150627
1754037358
2075467430
7612981780
6650796123
6740669872
5586806569
6783287074
5964475348
1422969566
5910841106
882351343
1330347354
1223017368
6215854772
1416344639
1072172729
1382349479
5815094414
1069182718
6059307773
6538321858
6475280184
6090002627
7540310891
5521926641
6696769976
1643370245
6060407117
6340259807
1171440504
5132210252
7268460191
202439310
6593245809
7732154063
6299808404
320463251
622066119
6640595985
6602305958
7385613119
6974171046
5208918181
5014241689
5409648272
1913105349
5377851064
7414257272
7390906020
5460709377
6317887508
8446017630
1673395907
5008110986
7062677581
1906078847
1249635583
5695514027
5018487401
1544562380
1548823505
7461590651
6279141514
5834819239
6352005768
7122840240
461109936
5483800696
1127812099
1333633922
7150871350
876476824
5797857994
1145416637
616212350
2121637840
7491894947
5857262807
1833120058
1278717582
7514796535
1264607403
1260570527
7085531050
5236005193
5592442208
5809295121
1774253722
7613434345
1910321008
1460567609
1256497553
6242068369
1734857833
1337773466
8179653088
7823920899
5268762786
5165577338
7773398622
7311034878
5851257884
7872634386
7479959271
6210211609
6122723910
7376159343
5358947721
738514989
7678424009
5237369366
981502451
937050285
6975237220
1224125642
7946603529
1033336184
1312379906
6355540104
5991512740
8104243004
7270739455
6621279407
6758274163
5046906022
5597236269
5656672071
1911474468
8520690145
7905816878
1171277470
5676793800
6182471137
5427024832
7010757866
8271168857
7381296126
7541071069
1801659111
5775367495
844983156
5487598544
5579201028
1006848287
1493459983
680349125
7069604446
7672268610
7677304116
1889718790
900737074
6265474771
1985662112
6057479011
6821824250
2039005209
2069400809
8479146096
5548216456
1427738455
1441777024
8140789674
1369753574
6823080693
7690045663
5643305108
7874568662
6263900884
801197924
6244445306
7733961839
835028145
5878980011
5260170051
1121340579
5002673825
1579092117
6194987930
7207761891
5488941623
5255075265
5405891342
7603404251
6185698363
762331607
707339867
5486802391
1378151240
909261494
7012539016
6079005861
8329014610
7975573393
6271806201
5472761757
5637724561
753819034
8452254365
741636944
8206430801
1774042105
1943471177
8199254418
5447695915
8083616790
5004762013
937381527
6696975845
1978270721
5344727537
1362199019
5180266602
8050958200
7344200151
162085390
6449579371
6338747023
1188648015
844062914
7908597318
5134483279
5736981823
7404412095
2040992234
6947182882
1559455958
5517975853
6579707562
1917577167
664186599
6014220055
7003352572
928018453
1129102289
5730814680
5749683120
8150427217
392466919
594813047
1612876925
2133411839
1404799626
1056082676
6341312496
308354156
7691793928
8267733223
6737906736
8132513807
5535135877
5615282990
7876585635
1519495443
280769264
914687985
5374368509
5858703372
6505096113
7325154121
960057065
5832123342
712825969
666806182
1454048956
7798549849
1535195082
5833686281
5197033207
5274435960
1236745099
6439782707
7330551081
2045232521
6443168627
1999252774
5718648078
5976970815
6984877155
7064389306
8135851134
5941291808
5723914111
7870698042
5423560696
1469302953
331753565
1970329587
6199404352
2028197049
5661830373
5244241315
1895802624
6386367500
6343092801
7362207922
5942101286
5172000691
6836503467
7306902965
8121882991
5281402031
1398553533
1130617884
5369802766
1968885239
5147443737
1722179002
5336950501
5794137971
744120736
6691351908
1015707988
6418490462
8351434013
5951477668
7198904423
6488926148
5548428712
572945127
1169787789
5450647134
1927005146
8078660683
8045474487
1945491166
8418499978
6454509167
1272971637
1642381731
6619722951
965637848
6494881400
1937458953
5381423094
1847028168
1381980621
6953252799
5148357020
787948093
7200493728
322953438
8129488947
7103770217
5690180919
5925301210
6555287432
661931713
7379950590
6157878221
7490574579
1547020800
5758503452
883474387
109667257
8241922308
1038969822
1805988109
616067338
5216921528
7895864916
5160815084
6955500031
1225272007
1093610482
1433313261
6294536560
7014049207
1528224230
5876125740
1956830177
7108024664
5970243498
8302718634
7073473306
1224567741
1993045640
5535832969
2087926937
5064597500
1318578890
2008933472
5675322913
1611655466
2020243569
8544765729
7241536057
5239730994
8209834581
6455035356
7109469974
5606398949
1726809830
5417404269
1643716319
1201238800
6924628712
5574136493
8388313895
5864025894
8244053321
5514859870
1381039260
5694783322
358209123
1519593955
8334981671
1865365672
8152355239
5230894923
6650387758
1876997847
7048175901
8136500026
1620447724
6029343888
855501500
1074872317
5881140185
1426219585
7994494918
8376188718
728749208
7354591720
5762960193
6191213047
7559333194
7926526131
7039079983
5705014833
6155630736
1327639227
1417907529
7115816578
5616714489
7912530949
1018134007
1661226917
1454147639
8387955372
7235922652
5858395363
1681429734
7007811778
8109394892
105568250
5408747229
1079368011
8363779231
721245564
5705131812
5924372377
1172843312
1939409867
7731277691
6036352468
587743486
2004739873
1645775038
1160509497
6478887102
6363797417
7117591711
6308568383
5002960768
1952624180
6799904627
723818580
5451456699
6530398523
7097468890
944992813
6979295129
6758792713
5739834167
2103604499
5224186012
1813344855
877242438
5718931219
1040999859
1012613593
8526210270
934903982
1324938109
6711862476
5828116525
6844215951
1555645646
6586793882
7813089628
7896214832
8258731731
1301068192
6956175783
7788259672
6450367486
5398118716
1028906791
1121087262
1752292342
8253666973
6709416303
6002147554
6632537462
103551859
6385725640
5914759176
8005582318
1375917472
959220310
832536353
6882100039
8023875540
6832860130
7055118254
8011959413
8140306945
7621433959
1373157707
5989477267
1633240494
1076597699
2052608994
6496850449
2026455384
775750246
1948077790
2080806196
6630367561
7158046846
5597990028
5115816254
7695488833
1849422081
1648293451
5733684444
8585460963
7501362859
5193644802
8493953945
1596634309
7763893465
1369139173
6322446326
5231034946
1925073147
612920833
1126511130
7252569401
6305879861
5749094059
7875734150
1589618647
6047919071
6596379545
6416448141
8188443181
1665564124
5533611278
7595865037
5166161066
7909782412
5544849652
1011215397
1600953005
7211839681
5893980195
5069211759
6377804312
5437073837
6985813027
6809840187
7935068214
932495415
1226549879
1660779970
6244623720
8535596443
6657422135
6069820371
1072512204
870657016
567221142
6990692630
7835106650
8473703959
8071537645
1244868769
6177293322
672546479
6122414939
7527745296
6105281164
5088355055
5439831644
980580623
5348310411
1485323048
7282689649
7207620431
1190722012
7744978471
1071815781
6474586213
7026590199
7404834264
7505094626
6076792466
1860460007
1962872909
5820690680
1732336438
853105759
943348118
5864682057
5945360081
1481986718
6583785833
1002633721
7689895247
5673535521
7120664052
575978902
1033027201
5610649268
7919568106
6124204757
1521822612
7570102173
8012924270
7955539651
7777435888
6628329690
7464439429
1528693941
6948282500
5501909796
6822432423
940684176
7697176018
1876684787
8163566773
751924119
732029303
7737827219
6318482677
5049531911
5005958304
6795193305
6691053146
1226006236
6517334688
988658018
1096350913
7126849112
406624107
7959982062
7301580503
8362977617
7553000485
6768862370
6547162636
7353202638
1768855472
1600071736
7301555741
6996681307
6128438371
1093959283
5319828505
6336809105
6319579484
1913643737
5452014140
1450470861
5506900966
5217109127
6402546548
5912990739
8198485173
6903746460
2003473592
7923735524
5709205547
1874675585
1248192869
1575214613
7244938544
7912953709
6236848716
6452417633
6861677424
6229026915
5877489526
8006674854
8507810796
7409721937
1327745165
949095942
731631807
1501693146
1461377622
1287995949
7675872324
470393622
5317011632
8141820667
1817159548
380887012
5692895268
6268644991
1602556900
2054790979
1032109778
6029080654
1804263348
8260512248
340051151
6824272201
7168065093
629503382
5218737106
1190685054
5960320838
787317269
7397283380
745189023
5355118538
6174816270
7316741116
2461947
7870750414
8314825393
8266535232
6800732852
8169152419
8198660412
2140727526
5849776913
7368185546
6837845036
7032368772
6482406813
6852456262
8125577797
786231744
5494868776
8463227282
1665454746
5577847126
5804352853
8556424550
7855096067
35984590
2083908753
1852436070
6740710826
7117927789
5191787565
1260676789
2036873060
7820353987
1936837079
869061706
7754757914
5058806262
1483743718
8448920618
1785775086
6444128867
6069096481
8364083767
1868757942
5932817665
8150698751
303976704
7409028347
7727429836
6059092516
5629763038
1108347319
6036504968
7451563667
6160510
7371701519
1072096098
8488834848
5853283185
1900119318
1263354246
1065068814
1219421935
1904615957
1055324994
1747985541
5947655733
6739239936
1991861186
7522836106
787935325
1350950691
7313708004
1605547321
944244072
1979157452
6307944158
6543783268
5559497052
1751718812
7513978476
2047308178
1654365164
5707180968
1130681270
5663658649
5563903811
5879743116
5419143411
1610236266
5920471970
6292838129
6945647795
6135000752
8124653630
5038042294
1019133796
1857162147
5729735227
1059803705
6565110018
7329492082
5466915332
1680547619
1001045939
7105177084
5164006340
7961546238
600548846
770982578
5751033612
7289023836
703739173
5606633097
6799753947
1745633563
8400165700
1516096818
6161516903
1638746823
6690366387
5664558953
7394788774
969838929
7023971150
5090346648
1582136395
1045332538
7280894750
8462992461
2064860334
7959534626
1331594041
6164810350
8096687723
1091530115
7920272844
7080106736
774255371
7445191377
2056622329
5832768609
1942360454
1375606763
1586125169
1621776952
5831276295
5482537216
2012461626
5493189317
1739206386
7721442596
6335268589
6712017502
1210936959
608123386
7908171108
7377339612
7939334192
6464749190
6988022501
1688830189
6704587796
1543017944
1305815398
6694746735
807981928
1563810864
2114926549
5276240180
5623478694
8087747946
1046812360
176499763
8091195949
5541526291
1759878387
5662499425
6444609956
397566580
5821448794
1186153385
1059955999
6045046592
1207825133
7693571452
5047173401
6942303488
5953643347
5440008499
8299769189
7480225897
1696512220
6385433293
6096259875
932836480
6791565740
1981253384
7013166749
5813797434
6387028616
6377126617
8562217938
5648248193
1442037919
7651239887
5646898343
7335551972
7564969315
795374933
7171532348
1387011715
6825886680
6152662663
1420857108
8272131891
5482422121
6739855085
8174196118
8150134423
1902407724
5250530814
6105560468
573198816
1303810667
6468937617
7824592736
1379135094
5842185635
7700904762
7101287738
7000913455
8489561732
7103333553
5853234853
6657048678
8093002631
6516568579
6175924675
778786428
1265379604
7389496055
7563745424
1592531339
8234140320
7310209040
6606112080
1804292941
6484648165
7862350781
7568287755
5956291999
7679405695
6757498686
2054688635
7646147157
5189201671
847270380
6865744858
5850634645
6717802711
2012273698
1811587959
7402930973
8341070619
608548316
5073343357
8420522708
5754880891
8559981487
1627432224
1820084523
7592790018
5227883702
5345598821
7651463326
1420742289
5866503134
6864369643
1785967557
6419798958
7366252260
7739289056
7345211568
5126698270
2002735470
7660597078
5569698414
6102244989
2104449448
6292084573
6196037854
5820755630
5499929922
8375730363
7620020612
2007167160
7220283792
8107189648
5161219003
6026984843
5709171610
1050307552
1352694551
5516139047
7103965241
8248150855
5961980043
1599565831
8446803630
5103938418
753028478
1045012488
7371699471
7356951028
7018021918
7935128261
7139943959
5608973962
839793970
1675996691
7100383731
5381921537
6739089279
5551823876
6186531149
5341665371
5977869929
5236593165
2025647833
5521840841
5298507028
5265300138
7209606050
1955759212
6819231918
6644572226
6191969561
6001923665
730515711
7957894055
8425649395
5222443481
1867347922
7943153927
5045264183
6268553888
1512014279
1127346853
6203886676
5957038005
7435976488
1131758777
5969546221
728386242
5065847314
8324789390
6654273099
428706647
5230386733
2007435415
5337429047
5722567707
1242368323
6695831460
6414751994
7791882737
8060950936
7766967383
7882056420
5261557106
6032641402
1337656319
5754353741
8170404189
1537956672
6466683430
1099485461
5453913597
2140202025
7319036878
5302966600
5504483293
5551108227
7205067719
915425178
6554131329
574549246
6742002141
7592350142
8063479995
7119330751
7034826682
8523250493
923794372
8193221312
6235113819
7892595563
1661194123
1212903306
464007089
679912079
887565845
5283084014
8219026851
7799360010
1543084537
1946545448
7669650769
7907696651
1334671461
6147670202
